1 276 1166 98
2 130 523 16
3 1015 921 61
4 1335 778 27
5 193 1000 4
6 799 887 78
7 5 1426 58
8 546 469 76
9 210 651 4
10 46 53 84
11 1109 19 49
12 1406 444 55
13 60 1081 29
14 897 1016 71
15 478 708 30
16 1387 449 98
17 942 594 3
18 853 1140 83
19 205 381 81
20 608 248 96
21 682 1026 55
22 1040 1373 25
23 622 582 76
24 1023 1035 51
25 1207 71 62
26 498 828 54
27 1362 355 47
28 1124 1440 100
29 1382 768 12
30 899 1360 66
31 222 336 67
32 806 759 63
33 61 962 6
34 632 1260 76
35 1185 807 83
36 349 346 65
37 465 26 99
38 409 1106 71
39 476 829 66
40 705 1184 46
41 941 552 85
42 1123 1248 94
43 12 786 95
44 1050 265 67
45 1150 421 55
46 115 986 47
47 1168 1136 26
48 1034 847 63
49 731 849 45
50 4 1103 70
51 1277 1255 43
52 939 1229 4
53 471 1302 23
54 1128 1197 24
55 188 1129 33
56 67 1379 10
57 171 35 58
58 30 576 32
59 551 225 80
60 379 706 38
61 143 343 21
62 523 1081 22
63 1345 559 83
64 604 932 90
65 660 1017 61
66 234 49 40
67 792 704 54
68 386 530 14
69 520 1045 27
70 1241 885 3
71 462 37 51
72 300 73 93
73 329 913 91
74 1037 1389 55
75 1116 452 81
76 1424 1058 58
77 458 1073 84
78 63 809 87
79 1180 658 85
80 1293 874 8
81 612 258 28
82 98 628 10
83 157 636 39
84 325 853 73
85 517 268 2
86 1149 78 76
87 446 1168 59
88 352 1276 66
89 77 775 26
90 711 203 27
91 1175 1381 56
92 1212 398 64
93 214 1364 50
94 607 1033 64
95 36 667 79
96 824 577 3
97 322 412 42
98 1154 277 44
99 880 437 35
100 1382 198 49
101 1122 705 88
102 1095 993 99
103 1091 481 9
104 83 174 18
105 348 342 69
106 437 549 98
107 681 1230 65
108 523 754 44
109 697 234 38
110 482 1237 100
111 1002 278 75
112 1129 214 42
113 81 833 10
114 779 302 17
115 699 235 79
116 1204 775 10
117 1169 1127 29
118 1160 168 35
119 748 606 73
120 1095 235 59
121 568 221 6
122 606 26 79
123 1374 30 12
124 847 236 6
125 385 491 76
126 863 332 15
127 924 343 88
128 495 326 96
129 211 892 49
130 1112 603 71
131 519 977 41
132 206 426 84
133 651 82 4
134 22 606 93
135 1222 656 58
136 802 642 52
137 129 132 41
138 1232 934 15
139 513 441 80
140 1112 1410 61
141 1356 729 34
142 376 1110 27
143 630 408 32
144 739 167 36
145 184 918 12
146 1336 1177 83
147 695 466 50
148 629 85 42
149 383 649 75
150 621 504 43
151 207 1115 79
152 1186 1221 12
153 502 451 3
154 500 823 10
155 549 1129 10
156 154 45 82
157 21 596 97
158 736 1011 61
159 316 207 65
160 672 158 66
161 1363 355 23
162 307 290 41
163 626 219 91
164 1054 1233 38
165 259 424 19
166 1118 66 100
167 648 1277 87
168 1133 1413 27
169 365 613 56
170 1101 324 7
171 1368 507 33
172 132 1397 58
173 881 1125 33
174 1109 900 69
175 929 23 51
176 694 352 34
177 995 50 83
178 854 1169 3
179 128 1417 46
180 1188 284 76
181 257 284 34
182 568 815 73
183 822 353 79
184 183 479 63
185 16 364 68
186 650 1026 84
187 898 1406 82
188 463 489 41
189 1014 1407 62
190 461 845 44
191 1148 1252 94
192 1339 564 83
193 450 99 10
194 1048 1322 48
195 327 1048 99
196 418 639 39
197 1419 614 71
198 762 339 90
199 1437 952 77
200 175 253 78
