1000
1 1 1 2202
2 1 1 9326
3 1 1 1034
4 1 1 4180
5 1 1 1932
6 1 1 8118
7 1 1 7365
8 1 1 7738
9 1 1 6220
10 1 1 3440
11 1 1 1538
12 1 1 7994
13 1 1 465
14 1 1 6387
15 1 1 7091
16 1 1 9953
17 1 1 35
18 1 1 7298
19 1 1 4364
20 1 1 3749
21 1 1 9686
22 1 1 1675
23 1 1 5201
24 1 1 502
25 1 1 366
26 1 1 417
27 1 1 8871
28 1 1 151
29 1 1 6246
30 1 1 3549
31 1 1 6916
32 1 1 476
33 1 1 8645
34 1 1 3633
35 1 1 7175
36 1 1 8124
37 1 1 9059
38 1 1 3819
39 1 1 5664
40 1 1 3783
41 1 1 3585
42 1 1 7531
43 1 1 4748
44 1 1 353
45 1 1 6819
46 1 1 9117
47 1 1 1639
48 1 1 3046
49 1 1 4857
50 1 1 1981
51 1 1 5451
52 1 1 8206
53 1 1 6916
54 1 1 8319
55 1 1 3111
56 1 1 4971
57 1 1 4656
58 1 1 9627
59 1 1 8182
60 1 1 8279
61 1 1 6445
62 1 1 9651
63 1 1 566
64 1 1 7869
65 1 1 3978
66 1 1 6624
67 1 1 6789
68 1 1 2835
69 1 1 6015
70 1 1 8992
71 1 1 6140
72 1 1 1417
73 1 1 7192
74 1 1 8331
75 1 1 1769
76 1 1 2683
77 1 1 8536
78 1 1 6444
79 1 1 6071
80 1 1 8024
81 1 1 485
82 1 1 7690
83 1 1 713
84 1 1 5055
85 1 1 9719
86 1 1 9473
87 1 1 6449
88 1 1 2792
89 1 1 2763
90 1 1 8229
91 1 1 3719
92 1 1 202
93 1 1 3269
94 1 1 8842
95 1 1 8984
96 1 1 3804
97 1 1 6627
98 1 1 8418
99 1 1 5634
100 1 1 9467
101 1 1 5789
102 1 1 7523
103 1 1 4412
104 1 1 8979
105 1 1 9977
106 1 1 94
107 1 1 6287
108 1 1 8397
109 1 1 2118
110 1 1 8499
111 1 1 9198
112 1 1 3367
113 1 1 6982
114 1 1 920
115 1 1 7883
116 1 1 5976
117 1 1 9339
118 1 1 9084
119 1 1 3275
120 1 1 8270
121 1 1 6774
122 1 1 7946
123 1 1 5846
124 1 1 6790
125 1 1 5671
126 1 1 26
127 1 1 8823
128 1 1 8850
129 1 1 5426
130 1 1 7507
131 1 1 9829
132 1 1 459
133 1 1 3762
134 1 1 2904
135 1 1 9024
136 1 1 9576
137 1 1 2962
138 1 1 1501
139 1 1 9029
140 1 1 4183
141 1 1 532
142 1 1 1155
143 1 1 1364
144 1 1 274
145 1 1 7422
146 1 1 239
147 1 1 4608
148 1 1 4089
149 1 1 4402
150 1 1 1794
151 1 1 3025
152 1 1 5644
153 1 1 4757
154 1 1 1139
155 1 1 2744
156 1 1 2616
157 1 1 4182
158 1 1 8641
159 1 1 2755
160 1 1 4472
161 1 1 4825
162 1 1 7450
163 1 1 5276
164 1 1 8135
165 1 1 7763
166 1 1 1871
167 1 1 388
168 1 1 5112
169 1 1 6334
170 1 1 5626
171 1 1 6897
172 1 1 3081
173 1 1 4234
174 1 1 1782
175 1 1 4153
176 1 1 8358
177 1 1 3426
178 1 1 9923
179 1 1 7073
180 1 1 342
181 1 1 3693
182 1 1 293
183 1 1 6510
184 1 1 2400
185 1 1 579
186 1 1 2626
187 1 1 7302
188 1 1 8296
189 1 1 6991
190 1 1 8925
191 1 1 3615
192 1 1 8464
193 1 1 7387
194 1 1 3657
195 1 1 8584
196 1 1 503
197 1 1 6471
198 1 1 9435
199 1 1 5264
200 1 1 6985
201 1 1 964
202 1 1 4893
203 1 1 2060
204 1 1 3476
205 1 1 778
206 1 1 5020
207 1 1 1159
208 1 1 1253
209 1 1 5085
210 1 1 4881
211 1 1 2593
212 1 1 6819
213 1 1 9256
214 1 1 4135
215 1 1 2137
216 1 1 139
217 1 1 9187
218 1 1 622
219 1 1 9677
220 1 1 3566
221 1 1 9344
222 1 1 7551
223 1 1 2811
224 1 1 8338
225 1 1 614
226 1 1 6193
227 1 1 3284
228 1 1 5685
229 1 1 1623
230 1 1 3372
231 1 1 9395
232 1 1 7094
233 1 1 9690
234 1 1 3181
235 1 1 8067
236 1 1 1711
237 1 1 6391
238 1 1 4851
239 1 1 8260
240 1 1 8189
241 1 1 282
242 1 1 5331
243 1 1 6592
244 1 1 4610
245 1 1 297
246 1 1 2572
247 1 1 3291
248 1 1 5370
249 1 1 9230
250 1 1 2215
251 1 1 5556
252 1 1 7033
253 1 1 3491
254 1 1 4367
255 1 1 1580
256 1 1 6214
257 1 1 8973
258 1 1 5634
259 1 1 8755
260 1 1 7939
261 1 1 8725
262 1 1 3845
263 1 1 1071
264 1 1 662
265 1 1 1388
266 1 1 2180
267 1 1 2781
268 1 1 2729
269 1 1 8819
270 1 1 3490
271 1 1 4392
272 1 1 5444
273 1 1 9834
274 1 1 8289
275 1 1 4183
276 1 1 6032
277 1 1 5552
278 1 1 5576
279 1 1 1867
280 1 1 4772
281 1 1 3854
282 1 1 9896
283 1 1 8009
284 1 1 2218
285 1 1 9503
286 1 1 9031
287 1 1 1709
288 1 1 5255
289 1 1 642
290 1 1 6662
291 1 1 1200
292 1 1 6230
293 1 1 2414
294 1 1 2049
295 1 1 5586
296 1 1 1880
297 1 1 9625
298 1 1 6194
299 1 1 1256
300 1 1 9352
301 1 1 9016
302 1 1 3666
303 1 1 9273
304 1 1 1340
305 1 1 4371
306 1 1 5979
307 1 1 4843
308 1 1 9248
309 1 1 8754
310 1 1 1873
311 1 1 7501
312 1 1 4542
313 1 1 1766
314 1 1 750
315 1 1 4846
316 1 1 203
317 1 1 239
318 1 1 1503
319 1 1 6776
320 1 1 1886
321 1 1 656
322 1 1 3079
323 1 1 3927
324 1 1 9615
325 1 1 6898
326 1 1 2655
327 1 1 1894
328 1 1 7388
329 1 1 2743
330 1 1 3956
331 1 1 2605
332 1 1 1685
333 1 1 7129
334 1 1 6198
335 1 1 8896
336 1 1 4818
337 1 1 9015
338 1 1 4152
339 1 1 7816
340 1 1 5153
341 1 1 1641
342 1 1 3402
343 1 1 5201
344 1 1 650
345 1 1 447
346 1 1 173
347 1 1 4843
348 1 1 9775
349 1 1 5247
350 1 1 7371
351 1 1 6411
352 1 1 5133
353 1 1 6530
354 1 1 1032
355 1 1 1052
356 1 1 5200
357 1 1 9855
358 1 1 7469
359 1 1 1825
360 1 1 4098
361 1 1 3526
362 1 1 8896
363 1 1 7683
364 1 1 5830
365 1 1 4245
366 1 1 3002
367 1 1 8874
368 1 1 3406
369 1 1 5036
370 1 1 3264
371 1 1 4037
372 1 1 5906
373 1 1 1334
374 1 1 4601
375 1 1 1465
376 1 1 7339
377 1 1 1483
378 1 1 9411
379 1 1 5553
380 1 1 3727
381 1 1 6398
382 1 1 5027
383 1 1 673
384 1 1 5362
385 1 1 3061
386 1 1 5190
387 1 1 9487
388 1 1 4962
389 1 1 4028
390 1 1 5478
391 1 1 1654
392 1 1 8917
393 1 1 9487
394 1 1 9765
395 1 1 1509
396 1 1 4016
397 1 1 3608
398 1 1 334
399 1 1 3994
400 1 1 6583
401 1 1 1186
402 1 1 4392
403 1 1 9031
404 1 1 1162
405 1 1 1231
406 1 1 353
407 1 1 163
408 1 1 4765
409 1 1 5885
410 1 1 8082
411 1 1 7682
412 1 1 2527
413 1 1 1654
414 1 1 8216
415 1 1 5376
416 1 1 1264
417 1 1 8344
418 1 1 2839
419 1 1 2943
420 1 1 2451
421 1 1 2319
422 1 1 5240
423 1 1 5008
424 1 1 1752
425 1 1 8428
426 1 1 9862
427 1 1 4809
428 1 1 2070
429 1 1 3388
430 1 1 2322
431 1 1 8938
432 1 1 521
433 1 1 5179
434 1 1 9060
435 1 1 3366
436 1 1 2919
437 1 1 4898
438 1 1 7089
439 1 1 8807
440 1 1 2587
441 1 1 796
442 1 1 4052
443 1 1 4139
444 1 1 1056
445 1 1 7319
446 1 1 7048
447 1 1 9000
448 1 1 4100
449 1 1 8870
450 1 1 7200
451 1 1 8816
452 1 1 7428
453 1 1 179
454 1 1 6484
455 1 1 5549
456 1 1 2811
457 1 1 4227
458 1 1 7960
459 1 1 400
460 1 1 6827
461 1 1 9349
462 1 1 310
463 1 1 1022
464 1 1 5816
465 1 1 9504
466 1 1 2266
467 1 1 9725
468 1 1 2051
469 1 1 2270
470 1 1 4246
471 1 1 4537
472 1 1 6518
473 1 1 9242
474 1 1 6572
475 1 1 2821
476 1 1 1463
477 1 1 3827
478 1 1 7963
479 1 1 123
480 1 1 2910
481 1 1 8663
482 1 1 5198
483 1 1 8207
484 1 1 7182
485 1 1 3699
486 1 1 3906
487 1 1 5128
488 1 1 8112
489 1 1 7846
490 1 1 3688
491 1 1 6755
492 1 1 5521
493 1 1 9182
494 1 1 4510
495 1 1 3596
496 1 1 790
497 1 1 1173
498 1 1 8384
499 1 1 6041
500 1 1 2613
501 1 1 8383
502 1 1 3340
503 1 1 5109
504 1 1 4895
505 1 1 4909
506 1 1 9050
507 1 1 6089
508 1 1 2707
509 1 1 7615
510 1 1 9742
511 1 1 1393
512 1 1 2020
513 1 1 9931
514 1 1 8421
515 1 1 9360
516 1 1 6181
517 1 1 2889
518 1 1 2553
519 1 1 4106
520 1 1 6992
521 1 1 3566
522 1 1 9331
523 1 1 855
524 1 1 8111
525 1 1 6449
526 1 1 5702
527 1 1 6292
528 1 1 8439
529 1 1 2701
530 1 1 8917
531 1 1 667
532 1 1 8589
533 1 1 1482
534 1 1 4181
535 1 1 1656
536 1 1 4384
537 1 1 1372
538 1 1 2280
539 1 1 1344
540 1 1 7292
541 1 1 3949
542 1 1 6265
543 1 1 7093
544 1 1 6509
545 1 1 2700
546 1 1 5333
547 1 1 7179
548 1 1 2070
549 1 1 7995
550 1 1 3474
551 1 1 1953
552 1 1 7066
553 1 1 9842
554 1 1 8750
555 1 1 6689
556 1 1 1935
557 1 1 4842
558 1 1 4550
559 1 1 4067
560 1 1 6208
561 1 1 9165
562 1 1 66
563 1 1 3111
564 1 1 8657
565 1 1 7189
566 1 1 9488
567 1 1 345
568 1 1 505
569 1 1 9923
570 1 1 3969
571 1 1 4267
572 1 1 3386
573 1 1 2833
574 1 1 4666
575 1 1 2432
576 1 1 8886
577 1 1 3285
578 1 1 4477
579 1 1 5098
580 1 1 9597
581 1 1 4111
582 1 1 7314
583 1 1 2753
584 1 1 8936
585 1 1 5849
586 1 1 8042
587 1 1 6881
588 1 1 1996
589 1 1 3424
590 1 1 9348
591 1 1 6280
592 1 1 3356
593 1 1 4654
594 1 1 1772
595 1 1 396
596 1 1 1935
597 1 1 9328
598 1 1 217
599 1 1 8934
600 1 1 4857
601 1 1 2238
602 1 1 1232
603 1 1 8199
604 1 1 6124
605 1 1 9382
606 1 1 5100
607 1 1 7163
608 1 1 8242
609 1 1 5847
610 1 1 8658
611 1 1 5304
612 1 1 14
613 1 1 2030
614 1 1 7247
615 1 1 7366
616 1 1 5738
617 1 1 4994
618 1 1 8836
619 1 1 6544
620 1 1 5561
621 1 1 9363
622 1 1 8066
623 1 1 1853
624 1 1 6186
625 1 1 6266
626 1 1 3341
627 1 1 9125
628 1 1 64
629 1 1 4549
630 1 1 9801
631 1 1 8372
632 1 1 3259
633 1 1 7563
634 1 1 9845
635 1 1 8470
636 1 1 6701
637 1 1 5003
638 1 1 2791
639 1 1 7363
640 1 1 8700
641 1 1 3234
642 1 1 5889
643 1 1 8622
644 1 1 58
645 1 1 6377
646 1 1 9493
647 1 1 6978
648 1 1 6640
649 1 1 5506
650 1 1 9576
651 1 1 1110
652 1 1 8073
653 1 1 4058
654 1 1 4766
655 1 1 341
656 1 1 6669
657 1 1 2558
658 1 1 6510
659 1 1 4428
660 1 1 2919
661 1 1 1203
662 1 1 9920
663 1 1 166
664 1 1 5726
665 1 1 4335
666 1 1 6737
667 1 1 8917
668 1 1 4976
669 1 1 2492
670 1 1 7571
671 1 1 4250
672 1 1 7939
673 1 1 2780
674 1 1 7654
675 1 1 8362
676 1 1 744
677 1 1 4438
678 1 1 8361
679 1 1 1616
680 1 1 9677
681 1 1 6924
682 1 1 1143
683 1 1 5820
684 1 1 1098
685 1 1 7250
686 1 1 324
687 1 1 2690
688 1 1 8310
689 1 1 2649
690 1 1 1525
691 1 1 6586
692 1 1 4519
693 1 1 9913
694 1 1 4988
695 1 1 3423
696 1 1 8653
697 1 1 3404
698 1 1 3887
699 1 1 5472
700 1 1 4409
701 1 1 1124
702 1 1 1227
703 1 1 8573
704 1 1 6033
705 1 1 7667
706 1 1 8381
707 1 1 9137
708 1 1 815
709 1 1 2762
710 1 1 4865
711 1 1 9114
712 1 1 4420
713 1 1 5831
714 1 1 9989
715 1 1 3803
716 1 1 6432
717 1 1 9193
718 1 1 6549
719 1 1 2824
720 1 1 7924
721 1 1 4253
722 1 1 5401
723 1 1 3643
724 1 1 4240
725 1 1 9994
726 1 1 4002
727 1 1 501
728 1 1 6597
729 1 1 5187
730 1 1 7075
731 1 1 4071
732 1 1 4409
733 1 1 3112
734 1 1 1189
735 1 1 2714
736 1 1 9489
737 1 1 7268
738 1 1 9527
739 1 1 2428
740 1 1 9933
741 1 1 4293
742 1 1 7527
743 1 1 8628
744 1 1 2663
745 1 1 2272
746 1 1 2263
747 1 1 7221
748 1 1 5917
749 1 1 5076
750 1 1 6566
751 1 1 3941
752 1 1 1898
753 1 1 3379
754 1 1 5006
755 1 1 1118
756 1 1 1744
757 1 1 3730
758 1 1 6505
759 1 1 5266
760 1 1 8067
761 1 1 1638
762 1 1 3060
763 1 1 737
764 1 1 907
765 1 1 9790
766 1 1 382
767 1 1 3549
768 1 1 569
769 1 1 8102
770 1 1 8660
771 1 1 7247
772 1 1 5611
773 1 1 4499
774 1 1 1935
775 1 1 2830
776 1 1 1561
777 1 1 3639
778 1 1 6549
779 1 1 3822
780 1 1 8111
781 1 1 7370
782 1 1 6192
783 1 1 2763
784 1 1 3797
785 1 1 3863
786 1 1 4648
787 1 1 7579
788 1 1 8963
789 1 1 9502
790 1 1 6384
791 1 1 3472
792 1 1 7401
793 1 1 4226
794 1 1 5409
795 1 1 8132
796 1 1 9726
797 1 1 1818
798 1 1 3504
799 1 1 1292
800 1 1 758
801 1 1 253
802 1 1 86
803 1 1 7871
804 1 1 5236
805 1 1 6278
806 1 1 9507
807 1 1 4706
808 1 1 3210
809 1 1 6553
810 1 1 2623
811 1 1 2495
812 1 1 500
813 1 1 249
814 1 1 6346
815 1 1 2379
816 1 1 8890
817 1 1 936
818 1 1 9253
819 1 1 6218
820 1 1 4165
821 1 1 2130
822 1 1 1303
823 1 1 7584
824 1 1 4971
825 1 1 237
826 1 1 582
827 1 1 8798
828 1 1 997
829 1 1 8601
830 1 1 2113
831 1 1 702
832 1 1 4483
833 1 1 1925
834 1 1 7087
835 1 1 1492
836 1 1 3115
837 1 1 453
838 1 1 8187
839 1 1 2136
840 1 1 4576
841 1 1 3145
842 1 1 7333
843 1 1 6385
844 1 1 5404
845 1 1 4391
846 1 1 4258
847 1 1 3983
848 1 1 4022
849 1 1 987
850 1 1 9633
851 1 1 9675
852 1 1 2872
853 1 1 5729
854 1 1 7021
855 1 1 9919
856 1 1 9180
857 1 1 8556
858 1 1 997
859 1 1 5788
860 1 1 8961
861 1 1 6761
862 1 1 8817
863 1 1 3267
864 1 1 8789
865 1 1 6949
866 1 1 1149
867 1 1 4377
868 1 1 1185
869 1 1 4122
870 1 1 2910
871 1 1 1583
872 1 1 2475
873 1 1 962
874 1 1 3332
875 1 1 7015
876 1 1 736
877 1 1 866
878 1 1 1495
879 1 1 8403
880 1 1 7687
881 1 1 8211
882 1 1 6067
883 1 1 1627
884 1 1 5124
885 1 1 658
886 1 1 2075
887 1 1 8708
888 1 1 544
889 1 1 7264
890 1 1 2101
891 1 1 6475
892 1 1 7309
893 1 1 404
894 1 1 8594
895 1 1 4424
896 1 1 1481
897 1 1 4097
898 1 1 5332
899 1 1 1406
900 1 1 4946
901 1 1 561
902 1 1 6296
903 1 1 953
904 1 1 4277
905 1 1 5132
906 1 1 2131
907 1 1 4265
908 1 1 6229
909 1 1 1920
910 1 1 4977
911 1 1 1542
912 1 1 6961
913 1 1 4021
914 1 1 8237
915 1 1 9129
916 1 1 3366
917 1 1 5409
918 1 1 5549
919 1 1 8345
920 1 1 6408
921 1 1 9571
922 1 1 7884
923 1 1 1716
924 1 1 2126
925 1 1 7351
926 1 1 8582
927 1 1 9153
928 1 1 9526
929 1 1 8521
930 1 1 8776
931 1 1 496
932 1 1 4774
933 1 1 2573
934 1 1 3277
935 1 1 6068
936 1 1 6378
937 1 1 8538
938 1 1 5313
939 1 1 1596
940 1 1 6710
941 1 1 5659
942 1 1 2071
943 1 1 9420
944 1 1 1063
945 1 1 714
946 1 1 4924
947 1 1 8744
948 1 1 5139
949 1 1 6842
950 1 1 4888
951 1 1 5224
952 1 1 5778
953 1 1 4468
954 1 1 5330
955 1 1 8522
956 1 1 8210
957 1 1 142
958 1 1 8621
959 1 1 1997
960 1 1 2438
961 1 1 5196
962 1 1 5335
963 1 1 5367
964 1 1 9390
965 1 1 1128
966 1 1 7403
967 1 1 4582
968 1 1 7860
969 1 1 7441
970 1 1 5967
971 1 1 6235
972 1 1 1281
973 1 1 9486
974 1 1 920
975 1 1 2205
976 1 1 799
977 1 1 8581
978 1 1 8064
979 1 1 9431
980 1 1 4128
981 1 1 4021
982 1 1 9401
983 1 1 5549
984 1 1 5925
985 1 1 6065
986 1 1 6596
987 1 1 5037
988 1 1 7612
989 1 1 9802
990 1 1 5578
991 1 1 8719
992 1 1 8316
993 1 1 2750
994 1 1 477
995 1 1 2431
996 1 1 4099
997 1 1 3624
998 1 1 9221
999 1 1 2186
1000 1 1 5